c = 299792458
G = 6.674e-11
k_cd = 683
b = 2.897771955
u0 = 4e-7 * !pi
epsilon0 = 1 / (c^2 * u0)
k = 1/(4 * !pi * epsilon0)
h = 6.62607015e-34
rh = h / (2 * !pi)
N_A = 6.02214076e23
e = 1.602176634e-19
F = e * N_A
R = 8.31446261815324
k_B = R/N_A
H_0 = 66.6
K_J = (2 * e)/h
R_K = h/e^2
m_e = 9.1093837015e-31
kaka = (8 * !pi * G)/c ^ 4
sigma = 5.6703744191844314E-8
